X-Values	Y-values	
1	5
1.05	4.44521
1.1	3.97235
1.15	3.56999
1.2	3.22832
1.25	2.93889
1.3	2.69441
1.35	2.48863
1.4	2.31616
1.45	2.17235
1.5	2.05322
1.55	1.95533
1.6	1.87571
1.65	1.81183
1.7	1.76149
1.75	1.7228
1.8	1.69415
1.85	1.67413
1.9	1.66154
1.95	1.65535
2	1.65466
2.05	1.65871
2.1	1.66684
2.15	1.67848
2.2	1.69315
2.25	1.71041
2.3	1.72991
2.35	1.75134
2.4	1.77443
2.45	1.79894
2.5	1.82468
2.55	1.85148
2.6	1.87919
2.65	1.90769
2.7	1.93685
2.75	1.9666
2.8	1.99685
2.85	2.02752
2.9	2.05857
2.95	2.08994
3	2.12158
3.05	2.15345
3.1	2.18553
3.15	2.21778
3.2	2.25019
3.25	2.28272
3.3	2.31537
3.35	2.34811
3.4	2.38093
3.45	2.41382
3.5	2.44678
3.55	2.47979
3.6	2.51284
3.65	2.54593
3.7	2.57906
3.75	2.61221
3.8	2.64539
3.85	2.67859
3.9	2.71181
3.95	2.74505
4	2.7783
4.05	2.81156
4.1	2.84483
4.15	2.87811
4.2	2.9114
4.25	2.94469
4.3	2.97799
4.35	3.01129
4.4	3.0446
4.45	3.07791
4.5	3.11123
4.55	3.14454
4.6	3.17786
4.65	3.21118
4.7	3.24451
4.75	3.27783
4.8	3.31116
4.85	3.34448
4.9	3.37781
4.95	3.41114
